6872672933895530005992979851570835967993541507623046979945105397865397936187 9044433500560644626778288858780113131117963054231750077523310058590909291197
7152785140030487682625030694702470731428116443330142346319886883433267994086 18323658843210444522751793342129160950809651466860580706940009413486145860603
1 0
11270851585084008365557100451955329352514166204468004057855683951572467838427
10438655693129326880025559308294272170865122736553745931117658370513894774719
1
12383212264341629272825878091406696766555433202497898888284046776874654145006 2193093889532972749181028046957943886279898383139954989693480765069355515080
16655168155489165210623880638885648645393652764425572659057741898885114762459 10858326186466183021840192240232939933921208607358118105523269925167849122010
1 0
18646277945309259404199924065156736639226743552785228835891639605645090207538 2502738878465420227840296947208822751115444450103797774282086327994014495144
11813571913900049970220763634063485123961743169588936230184572446513735477485 12804119862511721255056745488765161649776056500637018423734764212154436286427
1 0
10764215669267416567698257765126519555826814191917941689633408075135684550773
3293321340972116754532521591825721877629348073700043669634760766547877795706
1
965806656396266782400402884441711261372360571221704576874307938207628784576 8612997025559824358688281905993770890319520310373277481038799643848928255282
18924127628944045538255644192175095143268974000605326457527306105510047515729 5805849031365693893114995778343625869204427412250085062427930251352422030972
1 0
10990639333701881671183905062206135518489144113133562869479583670455370487270 10854099756059343960806676023580609320847083551289884181052201260615762152592
19480485284962691281489058730592393366777702264410970521536946182150423203176 13947954082344331666339622117671128214588880839865545491964110329613445381254
1 0
2
3848686566924205554374990794477130512881447752168080008705638300568666614883
15160456807804531999708317591183210173549016125900358566384087159821312715384
1
14940493582320219036206034334083393108213018391759543860362188058907259399627
11355583175692649144294229841563998200869345346701145469070584768677487238748
1
