31
94
31
2
3
4
5
6
7
8
9
10
11
12
13
14
15
16
17
18
19
20
21
22
23
24
25
26
27
28
29
30
31
93
31
0 17432017249298452666254972630184390349296818501396792839560268238451207242171 10374134568774218153587850579672534067623169923884492083165575792816676568723 0 17915987944572387743546699717557675877179836931381951979573398257748480501953 18909275475691555944769248652075675512538546599865128771406561738692832473033
0 8132087318829997670587588040288531099239923852112213395826352494229986522180 9446702477244706028362899870903701527165256243845931293986071618017040465367 0 8923526326644366381516217302055363990143100297815652340846513417697082574246 15114945872834495681982773959215541877526384351656603511471515591119651713692
0 2149987332760760036866117932548327586108054119633300763241324494182789844447 1259279889147316765010482631333459422458348284507729531194170677074784034418 0 16820933634470295676004755793652977895574568879092509500957790522186583251230 2412102717731770545323460004702742080901159680744655359929699084890057484381
0 10852895912108303613729486050088048974922295308754260654715248899560870836549 1322467932863275649143111295706710876889298982238880009775384067930568501306 0 571265322623667376348005864771403880588708018529522424415500415495221728019 18886806827087321459950888474723404276275326771027613640789393360243097316792
0 104675741512579588710359454554869589181209877102286018112069907315801695979 15619668151923131321054193745757484435667717514379042025583467325331492729440 0 5537945166357311919793410016682228971785150206480129101243808907712601743059 2890654089551474009956762909193401418247315323256884010637457766020109186581
0 4880554834271461757913138244082388216004059828981343964116930878720212662030 17191447824314077717207266938476693501229368564885868080759029763949961964014 0 6286726130253108942744485856607326708397716343141747934552239794405892134689 21857007887452139879823515154523807332764080799862211028721552165531161423628
0 9636337978499227421502308309284302588999787805379700652542139947169675362674 21857674569921560681473571084473943418557677732513833287991619515118642155291 0 11622625122834000760937537899336384497294811005564887604340223064163741452507 6138696138599150049084489663221453442075305608099830988897961869615356213087
0 4327700521902564280565058911407801747514372825677885292517894726801980646638 18373844063708437959656531169903202518409518059042006000949139449787804193566 0 9620177507415109635501290554978345202606564298694256128298952537037213366322 12598277785591101999345557814415422712570651653726186063567975388025816293303
0 13902077853482761378119549483779174747835286887675028160834941892910396013484 19078918927248185861132628179534419710055102723886956118795354319889873865379 0 3642548010692724293166139040616729435642732183637929730279771836321083429526 1976822498059329950270418339848443811397433769874177110316280557051981266649
0 18865207312789238563608524586274671866951056171217721432309178551844499266443 15878362366934475384089228492993953709791089502311105150145787188321037743801 0 17302507918263998276314335052377642140182089297309737211721075239498888325510 1442032368300453781036089659931541759438134982370482514720982302688689770557
0 2304128283644549957799104696096281735958848727209928756700594719427824390076 3968498731258810609632464275148684160862033521212565980220307940708425954366 0 1017955321069078054617011336144050198962839809636244424371719101055655245078 4781804951911518555192490984333464094534308604078283336129931980701095428267
0 6728639264309920372136599522207090439501708092069485758452883526153071824337 17428449674513895067943653277578202114220894995249263793728856416234625601220 0 3774073856215352700147809973645773658870598720027723335023890506095084555616 8403060117411019241838399113993642807432674773787165170035575606008410847297
0 19937577643265462489241292374698060920379609686969724443598939348848120420422 60070480508968954982982961507260406557742244822970431343820219446929769406 0 2947608552291944501434361086109148036561850917052896406234818441246797259396 10663635168868706205002069053310135163403750624690413201452863714836107453924
0 8235063554959855293639348551572222992552398977424898598549247558035708871192 17520370439634310200487933055394411559279987256634219618786616974757983779068 0 2720446664823563655132540616360026656953746905256145085016472676640696843009 9175913832008623545337741136683759618421143038133008398863970634710287777585
0 7744465870437424570049732883420187093026240347135710602375975524408662244832 8697435507641183375114196417733894372166130929351718862634265457077199105612 0 9571715736239206947506464585445944430716927050647966047566456637871698124189 6892415590649253324701420256602876360298772567164043273391220586114513556083
0 1240414139518923124724541138924750202147301507167465262379992887060398617773 18016210686067133076608520743025065052085982017055275643739344900064712035619 0 1123870257049076722743213998366536947055196765653839783531958037462423574005 16776424338955092689525647311171817052958385753025925889609188105307940166590
0 20230819964601616456745218463970735908539801256153250384378881103845323080377 17451323734639918666537711420734234306282750765192896323922325679627315040713 0 18696152270238438916714418859765376576832366917454827476424132444482918947937 9224917886069231788573285288375074553341369275609634927995254194337052238709
0 14035327267516007030815679498263441552757841901582310525801223913099317925438 3290055412098613457035638695004107539583033754633608210226932916266496965310 0 20578322271045168503735939144360300103151295404574788548435199746735402768443 10305801484006857120216770954621973935300824889493349076655220818132764771103
0 2630980565060040644136348032438234786838907703254655176332884202799505482486 13074752307974785527833400179769718298945530802419842605008106694955769673647 0 3022096854525954376238272025198055768016344884159191302534732416285742925023 11758988812943778450196910199143306574393131511723995884018156410588799847929
0 5380715368640082664947838716398239281983122636506958977193861965129525622548 20886352070541214158259887081856063142215307653211457833674531066056007384182 0 20892414052154541336275026121610738207118400200163951426270437379115255571845 19498434395494834140036258067433341059569764623373082158525919271676505229899
0 19355132297141903591217844443154276306976309723590264566885044746809633902632 20056479085955973364383663698592964193485051598587854195055295865894131388522 0 18093120098788487192576587106929384638076008703854225085334201054992616707603 13753700327688213744067779983343160060470733591353198962455653353184218079387
0 9158756295877175402396131257020630762580692759148815913520688517619979755198 3876723599842433095832993315733123508385023195661601961774033800646716047037 0 14609185663952007136112726727417132408381771291346948865374298176583304773547 3276879200930080909240448316908417887520821597848977900147946037217659758843
0 18394167339441641731337811540734231108143229519163314946812645695689444784076 21585995157276831939433157430571426207089262740878549879870771550410052013134 0 8889316227978330427361732743046135600658739605267199115103665052060831011763 7941692648253089375646728673630473686807163632229596268145012623290642867970
0 277219333349280714971260865840616305584403209127942565802127204773651933601 10953102891196222615054695924217357632061285339907425229304012994238439793650 0 4622341306087821028637732315544609540755896477351214755053647198094299265183 5687059122758309566903493750111798806600891068455859083366126049698500078009
0 19716832469727622760491279739265770159290625432916036765299619215696191189264 21472594095371253272660584268104693289611537746239169322124685661740922147806 0 19938156735439981503526730150777592153696998670291596316626378538095019490274 21298660874857548217325313907919192910420696606923709986081248841980821603505
0 12758274414130710177775896656386105880396536362542909893733370360426807488671 3823143825179742761553755806084474704659658667771883543181387963580427380493 0 10975719251824183092632801094282404811199589925143694446094749381452904959928 21412479693975191268093500451253083460590049211157108441612213551490090367224
0 13227569689969705516219819612843067911627988534957229952493854492159959585918 8990758435947593020352240192795220788838189643566118334030756597091972679974 0 10321487299216905144864227282421693503255115800436586875752557096817723191817 1587403786850517117384932839718191313823495253944034372755264214664525814087
0 1084268722301007319964800565348146692920321964428968517788205817235823250317 13680184432936061372339157045095601205905202993122811388840126097163683970085 0 12220916706053322212569019259022467127354504961918470480469992759155467458277 21707566051187384741206603146189725822359731402761799354894819025930168931909
0 16538176071484710201224862534400331545979864793167566813161913673642705789176 21753690589637774891633328008268041519546737564056367643832051156961532261468 0 3412175289079789236169715899411428673278798836923070956196781725787647099151 20583730615477971774106589953363851087989970220338452643983771755349540630068
0 17370600103340783563658849726362082030614373386451280988533248949839352154181 13980882036903689705709331146004887411091396224860212874863688498085010449706 0 18437581644790510081984436969081625947192109788869219087511994303958995883652 2799358371357777528464095238517811178235284522644193704482873932722609338057
0 21780989919541432329470894363336606656830710343841231284092932405650178234339 8574684343308351400044125181970627553964579355822606069742457706351268353194 0 13016487099043178975534920789712899998550709598039235790133082122060613283971 18257421905653295049204253972459866612248216433726345003703674293649309442461
94
31
33
34
35
36
37
38
39
40
41
42
43
44
45
46
47
48
49
50
51
52
53
54
55
56
57
58
59
60
61
62
93
31
0 6655174096470541434012075273619414044430326152673238765063179210042944354275 16781493430716591329938534009251153688930570092129864611247964773131231554398 11463255931342581854321149545449296235559022794155553418242404777416111461026 10643629224166104498655160332027043747362790901863515627114427420133948033002 0 9402243270641774770747310188681751424838139983377230634907596969172334416676 11077404073359873685335475081411111369974400164605776671582375071565143586413
0 18501597594661717743056167232260758234029930095757295030638894441736227582217 7802617386131128267348089183619138268686234901984684095504076505818126677459 7351194893946086131565638731810938430860309323409546073242643910813992699265 14078260134216103738709522936276044824482024575525253701705925501313421892634 0 9416613498433656442187977353040789187839625267907638839385969922707839876183 7433984788423377264054264677709630142146170233955194438558059553567945774880
0 1161059353651365124044027910001724583425434606741715933748784836825662381483 7323492579165242178195130217537960639763959282672853346656564591788204904199 7554420383259264590647424997522018737435752911319219815377593173184492682471 14177129531235586275326339816406882963061383638446689740113528978021724681117 0 18248129657903828812315536773104387467279861032143708335506476386398786963192 3308508595812078867949144934329193524612250613247740539864427029743680741814
0 5888495288324346289212294374234665863699974937730125305383967159052535754195 5556628997493122353615534910177228259010149336360138304425774800438248612014 9686979379370478810301411802041536328783153701321252896910426039645617988302 1603064709945207850486037778687656318280078745393164882947981557768423349945 0 10760846856917185779938891213629172165439768340610804032948231569264109483875 12375507456719231762854503789422226653711679387196636147631386226103910078376
0 18291460826022779418948653909208944537384394100165767318975149708626929915693 2786906524625454406798162005696364177493250814737996197053041868048339409060 12293414031359617767060231610346567043050073584610228190077521971533798325407 347333078126193127329782476471616638727892858307227756278235070431188053827 0 13239353159384921657013029215561844453495642310376403851034972215964832221401 5950207988117815498020836340361986651352215867472741156365037745191916037752
0 13094299792546115072290667629152877724315652295567450246810214592211890539464 13461226912623071158534712205772573061620571544648005988960148483580330485304 9882823404625365867982600904732137247072532607810377641931269873211388670557 4174510346698269954568698321498367171666382531779670600453594315155787560408 0 20796246266670130325317795824877560390737832279700453485938560571366014358860 316265933566860039064063480590780592735938036639868340857940717969507252637
0 11356105252341505922491618628347295801373748687784459047278654771547313268722 13048488118533329367711984864303194131046392285036029287619000047121630438702 21502759075195126274780736377438342026946744360323114812733377242779871876638 626507459231969472460118756854623349009954677767318607180143598805943844006 0 12334753066984018074052395908353714459537156061016530979708723712271265375166 2171546735007604985489009648602340465893828523746935471971349537543575629784
0 7555520027954293970479132627181717979706352585833967255167257100642282009637 6895935214999466662606949113586812224314564526681544409488076091771160215683 17531236249349514779761296872332468468112515700760705723785199023287128728988 21141093640271716010136475541669300603600511195259172004138241831144976990334 0 5812908485350438651364084328510502250197552649885043581782845247822227713237 11762204696297793987089924759018538918693370645320032725836561237580298119817
0 20023681800716189297609734136714571009871200374835632389039961901983377618754 6204144646955340925519542131790348084099311170746029912268215541674318742526 5421228675933328498770957482728220498348301164926209813229740984317112905902 18350121998455840671281412704628027394731459546004197452611811477847574123850 0 18245137553286984796424187759851009449711474695827275536593840779671938021220 1961070296078939705465729635400534012099680248716161063985434550841916100714
0 5898835094375338058305255722282029525730001148727274290894884952739326283352 742880339684282208626045860138355186331359393146099472322065724236619689199 11899529125594483909343799053021507442930729208093532232999646710342631681771 21420283356302577176777964798675387314188396817702628409043774898088898148890 0 9951367191310737666999129906315818954293968394176755762651455872220234627601 13885872276447330573535167093567951569710393791373379639202759420192814175474
0 20524265220302990817132022902911921719861128866040446905968371573455029056627 6087413763482515934827034994048225693520663954424900506652925611814715076403 20991196694655310080070231983119628748090052053987202922533017684513620313081 10387353934008608170729454218259382645289837224919863877951987033434567957563 0 1654854484666263236910275941916785083298688949695135123557687630499702059100 5086195048683543475314968591956581317447583379897526030310305083139005294293
0 19962064585526652352428782660259201826903997668216691627620646555291602241652 16403765326521230831807160693709453534624013378014605947478101836949725486535 12281287727062103034870637095692215954989320222649570573452589709033088318256 10750914422952560873990782428839700463591749255642368184094679610759134618825 0 11050243667392593785522627529941084324616758301248972343954649742157921402475 16386165302478962115654413200051542463325493594893604511442308518364837120311
0 1281251769916911500095795315056533174953943677250352299074980376978410091536 12705171720918909918404702644366744703299317121649328419337698281877659946757 9024442961629163567053543649331455857927080322151171003991317936941694808873 10678115145030547341798484642958183170203549708403833305775875655992359997530 0 4734884681864747849439452827905122005699661071927119267777929651806627422074 13304413928070230966671470608422525472766621557729899917102908862892047630778
0 11260265559981277269151727984867712675002331142709833199369324371550576332133 1448952187161935139650859018224847356430201958894744519801530447882466699688 3862121642944673223392600203425667866381693541004141056937455059258250385811 14943139535252671779447770025659780075121516811677125761397368209795698302014 0 12582760169368328787757761173053980242293552174901361246241698146417466782083 18326043606844937713576488679925475830570155274075351649952210649923691735616
0 5418033776679607703426005139443270407934945335110841765014103180876128901980 7331974483449396373857742875585617478098589735504970230356211321656538416353 13226058547179329455643587534734726058542403430915650576254981073265014041450 1421016699756745673217065508037739199326958619511577789262903469242609634026 0 8923519844323820294250254796192947856104954163368648131439718479173616664990 7333986617821309774996613292504601889097136511525676659154466269904392271803
0 4722496510690120627691087669485401623720253382867914925620521633295007670400 10879494865571644833554803170928146120770758819806352245013474291719687798829 4738838322945942371693331319473598732195365746926651731144539251425806079816 17652956457371514561232747855354650591907814164931566004840761185730677811141 0 15035623331532781883604365014689904045773708410364282104186760915653451950719 16973975499938924311568686158997771330101328856047746870987214781429220493731
0 10879237968586869153529567891734765053845385784672038075058991268880707103897 9800926092313270846459496098023934038700072654277524339437317684100888124178 3766886443377352097205913406603769199860463837722838809774456813207895342634 15651545303170163487848116833749078870276476923969797950779248739447748186246 0 21457460938589434452655105384089836306166068107495081942142686483062910309995 4940532702549140601012828253743635331055860781425387996188046040083380783088
0 13565471073966835760230575501246708762367423642676613172761564382822439864385 15253123035387661469588101337132599202697441571505547353476235071664721127911 11924642875700637749186789497365350475259432283236440177907477650354199760313 4068214870947840934902607313632682980004001312854948194268176982027356629228 0 6842232397079947142488601929720660336724351474873094794202425520126923535545 5923385501321613877079704432576495091239627334837193990956236907935064036306
0 4848222204715862266038204611168609368664777335182121760037035120413559839478 961230009344561427838002731635721379260207255995161642227224634413706606512 3332336805387206135779079578066313785382275224793350118573816463689306790839 16121620062726056765597117640374905567398204276940248673600776349180066963551 0 12745263866345255126503743383953953373180070918413972382458119044392878247364 17067853765328052378622719520848716108718971754752280853351647374735195519343
0 12257243882454032876015311042443385363909730122096122532252987906193668929819 4291853381241326169044778713144268028835769444639579844111741940616189734506 17990387843633475738456423395054284017585223789104520116547060445752928604093 842389836982120792624144706186350860385727599454316887991979523821654208199 0 7898649683774433454369375056584084534146219588052042668417730979440015270156 17267636963718176241407955437089114297951694517942260281202138512819786858023
0 6760055870035616345369012498997740604138330404118446466170975255943313424150 17140817840846114180184791449572355785702403664097505543631140985962853933385 7243428337621069707492957775933882027419074971338988489036448259985412730821 2390326255987548120926068686551755507861039096719002298717693867940908882043 0 19502213174670403994039923190204301947286882108740354476037788433050047921133 21384967849502753704488224688928053294133470264065223614681353603445875489983
0 8442587859663181088356411695591201077069039393328671808108969938554822559871 3605717182158792088246471715192678383938554620086288629316265533856836577865 15669329871473508454911356998009568360700772014429150774668868463827695562454 105401503687220810030673815749130327824409790394290973246427796532351317827 0 20701037792304085621004653061156408364942265773284571168838102751455265842027 2163143109193255348664032506253390325420046999547731081134401129054067602069
0 1029411392376339440409320333790059651141725655979550506791789593154750505888 19319944987654105119110417145406268100742087747103451247272834368747811280497 6372856168051010614925370562664261808246859439824224526241300149107671129077 6748495556864985713667338342110179531080529755791173605687311936855804890773 0 3354658950596796317819161257326999173996199285282680393719678350757124742003 19347509076268778256079405289037748291923693643518396554549395748757876570654
0 14203284701671001544656719815232856187638574474817884280653469238981104459566 8985765050620721514163119607696433725482780821496174243469481154578153422416 4082548998597479829550300451003062633025440167946522023848592095703506465538 18944334235651388819850776068245664657798176678005692831002036854355638096064 0 16204847866122458563058804692830870128467313945147486646437347664964856573781 13135759052964521071596265402124036412497855471521514981891975097597065833194
0 9784604538214687528077228563262374609737272602477822662516052688386265618288 5856929665097490226709993237438983445529702331066443051174537815883039430759 8374235925972144754310432284898648284255094555433780180285474179452426858742 4739221767207393610622127370638288152427891706028937716991548002424161053328 0 8567969520055882232504318153303716337961757016710716816974652355164396638213 9867819961000964759678158315583249825382685234423999372719223316874498904131
0 14509539843278956089118770524049641459162342395789091841587716187380540207833 16108198536568873747447225583584686322098642956205307112774675771549042724496 11397930363651326087655603571377981287085461017227940543196383408650274335351 14909473303394373343805315309953169799541967716230506288011040652931178784324 0 18060974202839178118727168019017047916015301233625300268280763715775798640725 14804321369351464427095138618247465224656074884010535778537237224469619399051
0 3766828582125776645543965595209358724960399932858714586998298693428422503509 17427460078605653896936900185993361062798175904277520770700558729386224193080 2845362341225862550863476916167490565469026437227553946269890002902671949679 4435575302699968548836784004161909709597018384636657874838841704078879655406 0 5382902461896494774858903945050431489781011875981262060230811618141181191725 3912954155146604732709740944292170617723070581216379302120594468013881453715
0 21211398935620815384879025811990312782530101641567047974949089149121420958455 1149113270732603044307810724782284764699636645201529205184472768730324672414 12243086613426967610818533758734996954049188690381295835034551130317830366237 3507299918537666255702294477942665159679229181792819403779994974773745723445 0 20636073422537347608050493330815017504872082625257772839665704655363894981623 17569141486090490697175585091181330564127151526424960166295372719147389246818
0 9338808872796542496760284237971886788946118552302925057945416264489954407150 34404786937012764321531210052360979173022377398847503453337260613006571630 17485527486853551124275467298211599080496870493581248337797679404377652079301 20158907014165565303196078109104720003766517625272123754000786527114098932190 0 5415032413681586732618308251505413132474156452879687688504462975219375090143 20575498124202293701163509833831491174338094003175961091506587807298921302110
0 21674379318908874585189939292044330382001199887325805191499184754196712549710 4208302617729309881699983678077641311106359618824127255704549621725785382231 10588291396155378184642503370913356834351042817771953829352879955596762267856 18215690702731695948955960987431751252353106490737190702523045507788554165463 0 13899066149868696673403935685038110628353573025214345490756084154438917545711 14264423160071390320867975622171113412662186025708191684560271601131601451743
0 1782149891636760537990572161604795769807753586161372251743658123717049006079 14513996736999631493141029977777582802669759115073184752710990306931885254690 384396575649449653373715511977393492724105180563429605323746802373566930855 5087878192381704473484247412481921694544287852677839677955570798465670939110 0 17032262880882562791786871962845088868524021128680721539921144554215347584607 2799847179159583493097027983450084021511616197309968464072840208233744651137
94
33
1
32
63
64
65
66
67
68
69
70
71
72
73
74
75
76
77
78
79
80
81
82
83
84
85
86
87
88
89
90
91
92
93
33
0 14886579339100690385299314997776362387128494776993995760465800329344578138552 17248601893704311143785141595528768634648073817862341658365737554938158562669 0 21340782123841647864653476721290131952927547865863158235798306722181266142255 4398298054194259941250137538205805814182306481826083141868547951922315838
0 14886579339100690385299314997776362387128494776993995760465800329344578138552 4639640978134964078461264149728506454048237339435482004323300339707067645914 0 21340782123841647864653476721290131952927547865863158235798306722181266142255 21883844573785080962305155607719069282882128850815997579547169346693303892745
0 12606675309066390874506265278672999475859178543557336349317080898544956925665 21245657658183234635359374261803928073489650196978797750213800008658572596565 0 12538825369327545030474619884662319419204748312114445859582755552563343288303 12047806511340139599768733570307098330764032419641462950460687945469449293693
0 4638097113205928215896833157340773642134278951239601373469641605420717034192 19821753049689602968456843409343707289640294085039320879840453947859649977861 0 11971686879399949359611633438513421095543731608233474722761071199972804845375 15676643860819693405367707722440018499287639760549529039307156563872144934229
0 699326444157138843580888874669257484389127902145017995968623567647711294718 6815908505613852531089297230027291870037001111809845668025142080218640440139 0 1850362686949402061716835814523016107791584260655113090266593293374193394496 782928876197847773530702371012963152567117800004646666076400276691410027364
0 9530781734111227534051595215128920960169336496848370728953929928313490190794 7055737428944570236567095076708975597689764935787032505602393950061388827529 0 415895093419752735594264218281349139694310547927921939068283037816814790516 4148898906456008218762589633715538748002683871605398989445654933851911345454
0 5286401382595597119595085144305412593940615535599288837532725738072309341049 14780862148696537642991423059537059000837177941313182266783071709381859186127 0 21688381438088236283234929954542229504619259950329719530839456509702385406510 5736390883388339668762546030223298335824170240556838726439158199658467800653
0 12119360726200157527514528020158390069451500679808347728645100317688120034002 9504678359021104151254145641129637818120382755934030966090528537554064071187 0 21353965088836652396102722969545831243079439814349870356872764581968571481397 20298706423269285100818587396135485935395353770148741631663419725519338482682
0 20484984821970660644139564096179310230093704374214299246874036783778061170705 7104208768196480843355798908903117733173258510338720088435010129873680916725 0 11821479820196549006658130381517160044132125724883154731510313073445888582734 366726050811929762055593862172035388163601856048941620181110262216467122299
0 8921638816375451302729075114572907510948802882881584318523997931983940840698 12640651922169136818363373898471662186701721217745688886466139945520579121921 0 16359036758003593243779497927294750562175643301562645096574127909812678634841 19800248609690492443668856963794986495259676708776893411687503958660327846857
0 3754250673823352569784409877801441332284507646662867268016214367685245278592 10937713060719647422141101280854669559625885749055662388795643226821218092210 0 1172835459815653490434328094433038201236364948813145892072556161044763256635 4289113519982243341082309395625135440830176676523179733649273307069417758398
0 3192104258485624111857046621927243485500763310226414498336152761537232431524 17434536597290670430489866060488034980627129518652650949998980909539464830518 0 9118580092548888547127612035413696866750328810537545631346636422063497501469 18307241042215878400277757696916820713586951472968539692437503659787391911512
0 9157318161200488493531803267702792700688418326554747953829088703524461940750 17383620111471418484086476736728416265748698850339119808958073111275002434049 0 21624089741827708579539479386053305825263551837512394052865701456669832321582 11389317916893104097315127993325709226678137906436804750249662743215043204727
0 16966413023015732404692976613049750403950409177458610945945416158551029321093 3823690708056802115429138622421782353453270537259245465615317225286284966699 0 13137912942875786811886548587401083365806774438737140262102283287320495138750 16893318906837354895030947210677729001218058724551616126103131619470808993567
0 18709460590229916358117253036181587089254208448191663402636511980912236981095 12562760160050474778646515584226311330998774560305726689472099497898409592080 0 10242878639398270266358654241915691344213361833291509404006677894495660250205 18967947523287490275651347328606365674030984364177715205493772413589701587692
0 10975749182942712588984738571846983065612448357105129018652573070921241980370 13546496998357668203423766009662696011005923629758328637125767014824280523509 0 1013150417729918118075593527496363308585992041029557065482427383969291112542 7560765367451845854112668572091447124654795725151793320082091178085931118454
0 6511454822885203955420353534330531864360791371656693264931362917831289403030 8231576964406833057870929377716326781455480976682210434613989750646448003820 0 189484364492155170477283360218303171070605725426682840903724769743401564869 20524366407030438729667311817090296129070853639642599649540668391762056332627
0 21741415435964049767417884568881023598898276480784765990213555718396724667697 13690957200697749849181494064277139731282590215298923676065612067526012961809 0 1440513519891054935324629590378435219729622749461400250024400395751902949708 655885769395408013794589748583302659857884892487950258317388221186493067639
0 12213069152548242491456989926379294932653732003220004119531817735756776449703 7704668337374661184006040651474484856842129838508835917292362405920431228009 0 10822507339588189694857725649875574046941423346015536685347186208590203054240 6769858076012015902747435320915569672425505204491499296944285947943981844498
0 12199350167627768810765754118027812941119805079495159667382449031861663001157 13950912783263795472626722865239105840118667680064493610984536163786079086239 0 20028260679438035143971649415082613792906653745102662587892337500084380295310 20571361691983658282698870664414073302551983619919917715409793435577317946601
0 19526535232009201406608208837692787317659186876935496287733485481164250036048 15182721950697388501761164482906232278872842265346750055468219574247242020153 0 13359273871370530657564112594538144813046710882637123371909511758356138065057 10478773137387740404949775892318395568427863101130961699804335226392704079337
0 4205423668925058761935486620454864475795451961247869611170291543339842833557 17916704947557430123351020701004141427799903796504098598804618927323176289959 0 7970861353711767450158919228120826335501671675324851296026265366434198768365 113772533294061613886132749469352708070816585714959422307158052907314008228
0 19705534084698033734684381681527023327319642770662056681741588462659257587773 18391579428239577549740782584398912453972736371832183749984411245155678740761 0 6496096164019262454523972848544913482006359487337672383764739210103488308136 19562164724772757119108471490788305979449542775328611773470882887161244183207
0 14487758200621955503670786857461370409209143080264038080052289878923761845332 20635217331241632130755298126991097466351605069421428808572440191513177224495 0 11223902195895977388548829291467593399401955542983886353042919440282687199478 11766890506535435688649106885376242205175088531343794515416911929496189438101
0 19721482399631064222673737045216734483911708034321780034185528307009236396641 1347586463999559339072784459861294803333997186587315727089336893497451469674 0 13892672871443691981714816200992046806129887726939987552380816237607872855924 12275701782420349002889448658916713046516495889019886992874833390481828752515
0 12451881490509724002914197441464752965878490297453890316339046346721911279192 7085556564801527262766907351814897777451557486597493307972608091464457807561 0 3276071739082420092003861983747963869386540947208152645449251391870489018893 1213773698726174041507509006696554402306110127385665525578739623660216097647
0 1787707448557341126869303577468257171864927377126064748975187809915703946536 16905970937172685302615984616204209056483397692542169750233441014823979889683 0 17101739105636438376714480421613253686539529253916001869473198684006084954901 2061002615553900722855130173352793478970773900942803946630628081595328103823
0 15952697642842041922613752334849417082759194960098395991391271239692226925467 9439027994468436540365967358388773937126038233340519858856441891300600698515 0 21590710239696674600277213181094241722118750392899799971068960121345606033080 9441449849277773502732819068193621863258977827969782911748592732620908176500
0 19375164240666365617885143980733198015188265466286727608732077545516008495518 12829676793440957428858393759777979987908288487497523040611211237665427087541 0 14004852356764423804715523350602267374776706647566371494852205468908766200734 7454283095778808445547632092914505152336626592615438816976996271779907472489
0 7663661290282598634077880146076283394396524961054658821397075075298065760289 17498690305203492858086762391079089331181427305695652253410291938107466916227 0 14479710557265454856868758036996114276084590699165486405452795152661763752862 9365787748423493390498753063352480562131325045591942787035072204001426221605
0 11843252358295401965092340372064390226810403326760646408280258228761395533607 7804051040709845983167837041948629211726744076655557164886613825518352082125 0 11328830636030658434821624392936565409179211564012072973195534398570371698140 16979954656919815801886016190138335822978353575269870770357249362977819500632
0 16787428111889968224039079796612027768024539088062711803001860078839209904026 14632366469850984717398085566983131561502437327644429656626831796136501037523 0 14132771038922802141095071036294941390409225379789246528393279769054038526509 3229623776823805791499648411848865145783539066468700454010245762544198102761
0 13577378382740527710480919663589514244257831344069781056472958315405562188069 7563038830865640035083111895049817411749726784243626840992470476231133914825 0 9575734279929079709028875420281485925040915732253074232273310260548356314290 922683416178263396508341452899757345247320432320246672654189884613279118502
34
0 6350874878119819312338956282401532409788428879151445726012394534686998597021 12701749756239638624677912564803064819576857758302891452024789069373997194042
0 3215603902811976207451368377152841789695122829884891526982799600992909714822 1199372947029498082743908103261173900538798056543906016711359548668883215495
0 5528723128307097814891711740389225044377213667176187099745030007324578053930 823086158092819392436237825804568411031595062227773204605959008534161685464
0 11941426798756300080219109040270787124789559524342151323885049011516922559255 18515110077814266289861000835543362578227796773307595540251217627626302644464
0 5160955707136792401512652048728343167986844519083238050095056736613263016988 16502365291433697642588962566169738383155998245217305055154289898291478226174
0 17795320113772158326397896537095408844375974151189552863003479276031851668400 15950647340964168382595390127462271424028551368096857692084529695689397965301
0 17764402128799075241172533754528339219814124269266172143275294871924951211547 10777425917949166145746605373032496114722229167503425185204062144411928028082
0 11097655943023447782003967227604445164670114781446560052020399826205429645014 30456152181083633974519880958025149996579759111412559033783165165498675051
0 10908422323384353455142955527222676436431670795547064865642229103484377614622 9289610145488097688650929873696694158795745112892232550829617688983223997544
0 4164898490628859741152885169228979497150696641167684300984652569402275816742 10968740134946735190064721763325158376376690905382677203753148558594702883496
0 15783520060561282259353422883811155529757385912285547516038132196990880708207 8045667104459070855849698457391395772065366114570907452614616044504911618311
0 1499122279427679916990206373131141430771938949293729172187280121306660062436 3428966796248381125992316720063295822301362088013077796060284438885662352615
0 16420613381155435947126048511626851522414089228758969747917491256894420436602 12967291961607167655780590644225412598689736756134133643816189027883898446176
0 9992045295093661483682970503469991611658267574557129016825723909696965560034 11392590655938089701672263822529923526665866735527171236902263650161177252972
0 20153540933030875810690283509806060584731136522170694054389198101790435806567 10214054121613209023785166493052036860938618603458751342598744023069031629315
0 262571477570467976502051035145994242016910152713628253799310843247513144726 15814106183961530077313955324340360859580016668043990207207071466967789510996
0 11043908700113259180666978677002908085299084770306993642062135827124294169935 11817593219490558175637660205674275557742205790194952459992907245601109569971
0 3402982151482615075515809299601408998862248122114742579467092952361598467639 852318655474617763646189833385727988622694050629577112934630745833115904747
0 11703681621738064048576967012291313427695271288690411353851379214699438656008 1072430647283282398990545411122695458204565528070549241231516809174071727531
0 13917109646502826897173178345354851227099536998901881790081752242161138280489 20087519660514997106770585815293808535430135054531401530348607577640167210444
0 8302035827421981048818376144819011115340347274038445117355085777168563603663 1341031886313756894550640502528361764437910346279308036460652306529644427945
0 15025045511410690305486183828844361884753382282538522526657203891390509427090 3351314000280460413885628048650345564955430479296392395929931831764250490990
0 5408103567343933792624459144481126896752622624936000572780654003077048192050 17941590531132076617961530390561667443279591816511155946345317846475232895634
0 19038760551372402478197526305768992046119484452963392438223603458380133830861 14329013170889600407402752101529136995056044866712722902719497077544559577487
0 18810877841206232266415040374637927084167662379527687434498399764277280147244 886789590689282552991816723992229027195136600060587395448808470425444676980
0 4951106873614741159100054344032631818792840305522508394516754042636536084065 7987771625506575580242724929940982630130989236576730620337547395549930373281
0 1469896820949087541644255891031423082391024985973106894241903983722679205504 8607370137539560370960874847527983472318048224467899716465280739005033582625
0 11237293042702682954950054915610555822363186309054467657189797731387162500868 10647954583527164943711450564725939169149777816783792668120204923211653609961
0 13433022431019756559551073674107045761742560515663923490717241653635700353336 10455953386559532221709844881288192534661568731432377098128121487324995282521
0 16816680356416448689015458222660226670853973566528151165264145509901388215030 10159101346012923560844329468183408048074789490197886726022548239396727887186
0 8837517167147461734609480108154741312102026319845430909145843767001648758515 1566749697800085238193815737570916019683742976612255829847871066653979362305
0 17284530340037920763886089609693406638290536668125278628547977511492756893088 4907297491347605126068349340887362447860296158952671610301372374103897734237
0 9128338661476460191103684965126603899204120054342340266563964193013482336153 16196542999065917407792933896442054871200685074413987276448009920415889842750
0 13818084581245180746539700528461664237743105610336004377628550051686638265348 18668930453042069756269904543025827000777778184726821187122343885025902417139
96
0 16707111298612543364892550790181555554961836438969800517443406089238003153384 4213068877629161416217447131557809856347009796874405838498119377543777885548
0 1859914999242327950448520383781517848640867308697155139167288966628871156624 18671171381496003077352863487207517403727504142224083627247598579166402271775
0 7087381237508476519042245721710048451489271053963648600168679584949528618897 19183227205181317423187711550223500613791585010703502288758775747058459425771
0 6482784009136227642901558464404973952025460317702728199749998492459156921429 16187793246026757545751187345029307072482386583706721710901760391502127538394
0 16031831232034777163090307213412244763400979153272460206045501890800803426663 18552912745235091948084570096375677944880471389103061765183608903883850937659
0 12493755253039718353545823103776569424292445263773784110548334286784109999800 7568483988504608084258269101962762395976866888208479316313986789716504298601
0 19496958738902105901368623981504777605118064990653569683588835674780460377304 4354588079047337722464340673722218227810248380757672860122678956060160689705
0 16663970024793903473707863294902762245338751855431290673300741564464950407376 18840037096603785672504605262312639924666658439652846832627903629510494270456
0 3611042044957987788232845355641686339084044656778227032699955053030723921548 12762776411629170178534003702343364163151749282971105645250524810023859803946
0 11879594827883904245628013507262244225057704188470539105817542971004935497347 7882192476992146699593588277704280016926668091567455512542268434769781414712
0 7600137177480314394745248840583433208657818404703521356161684632118781211390 8497770091316247030970514735959953310383897311536367142747073871756220019984
0 4777544715382549678682964187617510419143668042141041214950668778298074411757 14216738854892493598689769777909650858903852124297522258266383596760926554188
0 15635319052072609814011802787561835327600285906074917952376230099479528530781 5298829110974115029112026678368886166691699065658276514576154772762654969110
0 1981035452205814369321588124007042111576867708990677890907729462204695711319 21091401865230246765265507357187417424269009229479605388242850725121478009151
0 21259295164410670117414339439478700824785654172924331857373384434524181997842 5152970375509747541205635511780939338788459589762678436377933897188860258480
0 10558736885138204157322584623498729781108043852929640844113090677952551899304 12864179743020566588727900080837132161480374155768476774588371671537491408725
0 16566777974547935636150972007094342886184007294465079795923849439631020223455 13566234640999190984108507881256150717380200827322921446056039812283095904239
0 6963425670174695794568291689898171968681139923737127695482029638380259674472 11750443233839788733570747725507083397492404574336646424372336576180306586524
0 17486318820047617111689687724017607644890077623299632888408647803321736576205 15037433661100849582496890042558044742271642258536193279788573324051493651887
0 12528020671723629833496294186320219005540927860093618854924581061863674254974 2841356529456248513407032982947178800161282709628419321176452555544015942421
0 21072805585937241916417705582564418484249793738980311416546225327764411410636 11901130406665701631011973136120376131781455645380363599622548146601899678864
0 10764575603980010165083577326810091758215474311682608808785630792208150612013 13551790039584758286334614608325876214840836620128201742958032100528556529903
0 18200966238068208989900357076136474671158856296309040775474652038877666969823 10904927727791024677868340440221035024409392364116209886271066511064219990799
0 10920796393489188278146144573864466283918488127788030031706058907633299896625 8110052159169152265965533228625300738798232168295822770656991012507092022612
0 6044788864793189081087033998383698815979095037676090016864751687560022107203 14722318937108771905207152599977396800525264610523282847545790755341761704928
0 8793714368103601118900871245551948372851011469724632907411719994487178585949 9842751931153552956877871446565405772236036431901750370895600310626159098927
0 6405247206201002904301246458634388079584063499718441880462247007686680456785 16866112367140143891730150209669585772104056065727858978404572488190633097055
0 5997153845976853472554001913063319287550078734529342347784670777653740108659 9676294713267692883676552538842834255530871533756812585633285756703805793288
0 3946985924621260391406470198295602944235459229787399642328447436750035464063 13328467898866890940445008094588941062741816781799042760524122957136782628349
0 15743147375547167404211254440176702065020977231265358215247651790147326104404 19489803786574037548406302437569988817887482934600034285260714305390966582790
0 20617025288753181512345001191932942494482460141156016821304290923596777526253 13173532523071218505346496350441074822015645731173098407812349699928063660864
0 20797644311008731953867965259685054959100294191314184185465244725831520137931 16360729226562803499696499124538093270715727354866435185719099555465497300946
0 7389360431135017205810710508281952989733690722811264876618264436287114686853 18333189795689220375781336527066176221534192882760442187907971475987610180895
0 16903748333882832771450966481405233586173142169635756831010412264875186316299 14597648700609615548936306880867498933347722148650912697760934638897839976770
0 13022671721939925091019175155928244887738927492962884013355363760556235391539 16471169796306816814899575597175760610877584632486713184585293985523070029630
0 5115167607415123361011356611699883086676111458795991101429993850322482275575 21837780412641634057956160482047199233601360565737917627129835471987655025361
0 15109848805912290686913964803232109568472577049349599451743167431090325561538 13430938819089073570580154765213270338703605302565790432409351406040317983845
0 6491676713828987361909374723617771054386021582460279237489890748881548803928 21342422901431298411612814516373848847408341080431117266163979038460343009114
0 4694821980010514581944835012426707476394776646731606222800965788538666748629 20220839485116742425775267598753551615945400373560583822214011247780226648796
0 15234848508252859659069682033204254393651992991650172076767954346181074171147 4442444992564579747675374478811223455816124143135810757791336338668693971782
0 11821956630171432200464990706432391663536285340119643564409995777556190463357 20286817316956137684588731766313803950055597333367597842291858592341041758434
0 5764117859126940360237482777499345544655492524102914982489217826659811548208 1936327150475643866387513851841510165817115623170183920660578770702470542650
0 15097299381713871473507152579158100427636196335206960632163712985315892694878 19364041460039281604593725073446912016975942219961456858105076193381119265500
0 7649932566617276689073619548636125640480173093065436723181481347157329578454 10615740728126121129361276249950392762451556398345188491891086937948595432502
0 21608397031908507321694095717671585133039901207789897732147228364337848456119 19057923725200802345527882772452342572977528890116693514695461989559108695069
0 20363582418509898409771778840226336465087316689410929356902043768672310670701 15936355849115434064310915304114699010471760868736390790639452900202495291812
0 1710211820871065015205622716713927625917905945257702425770850146739735295952 2385517635011223878866877031683074168720210078004149774278112368375137246902
0 9524622943884986012686661201991748973268281278554701407417521160030860540185 13567879631235772098450322053437169500161134097282179303627994856375119242333
0 7544495934672524431352704321072754943793551795288676728917005195964984369589 14677645062866988639524343018196250098070374922828081861806349207540405518196
0 9488962413622611606849131175281925808355402329765314175805279856578172251290 4853434640405315532675679418341604953487125615454074677157732302380961619820
0 19732502699433307462414453027600962475987054381815566065942813378956820421504 18001515824277643903860211464253060884884948826342634542834969619507414945759
0 9422374813929300054693175894564190873307078438151724341634594832718554459364 502319726552273913889374539004997072137841942191697398336998854557987679614
0 11750105169132756759221541631965753747346432936039321317216019054814885664032 12846992830250561933836311526260449505654542032533891567355910619334400673858
0 18153357123046571734502839821195741072254977782103138483340286367366867664073 7952060342367904749644439782700133178110231274573376084924757353528039783024
0 17265797525395484116706572773299096586974775076604657500982667050459180919431 12860366435311705670989797616439979861414644493477303902486363497733925420203
0 9785746054880594052554127565176150585743166959732481307558324362347566918270 10121522386335870825726222137048109659104082040872242349267573078922123160633
0 1485843189876952098713812788252007681719920883895905598929370986885050711812 18175634664700469364598302584289978026856394703153962058021040175980524009906
0 11854148596095445708380271947569450249592367538289143947511175765627356914789 2942620149279362138801905725848041628728452618403648501891101107110607511217
0 12843376193758072993098594403127655095928345650896568638981510102275855394587 3717901280323223057287450268637744469365000951195348502918994400470972553553
0 14081394328777240064870729533106798129612900230499637673182335606559168037580 18762028541031477644971372240047737849227206089301465095028204947954575656350
0 11912966021736322693725667395046809345473987476419317964268990316427287281438 14082131906665075988673354868780739148963424192119012252236075782285579099352
0 6328435621943860025157707547514484137875336725678146699982826219736984862599 3060541268053795798174873157330206931117619319201646901942371503152514008507
0 15887757732312613008823811240728952897780453052459518556860821545879374616992 15633120932441745264805465703434480291852792200562791857399005509724541924403
0 18913016574406677385992381430960053936461292064089088163295924548362878236186 15485543589161598225273153887988903777267615667354737257017450033520200772113
0 8099412464457704503593536945867732042119426412748677542281050250479858733350 13699341727472514551670509813894406004089753213487369944230152764528783798212
0 11523666490468150210930995280746897813106652759633366944496594091100141353149 16841997416906651354148200775071506810913303043473583896308011532049902626820
0 6393418857113389307552890456490504010020212746269885738404958686008888912935 21277237527127246498081347938192312656195868414587981471234752886897348896522
0 4735478832920487047196227474788041682089151354152578367265743824610352850865 15980682008240769803017207310260874574951090665786684908580274303087773536364
0 10569061706510383998169903459468386264259565062210443370541182403772629868482 6799421125648098484371654668144248671818141872274269748486608558398894689248
0 19316158287665081346757984352485849810521964855285915725994046658660411916189 20317992431177714743440055287555028046111935470446552418359053576048209668012
0 18214440713729308026783951212287880836568227732286269056261120888251587044934 3715476224961560506704697844732896045702560894735356811004397413090178300267
0 19469347254501222988325710321625108108274808111294370676649360937966549787366 2435123241086629630345301709540781340614763146578084534357153259602097559112
0 15806867784743120974489100604111504547095371692256088204768067909276050300002 10782701495447310698369090538882738684766200640039226276260577220617219246172
0 17142185111081023119141487423455025688898532668765424512725570829599550482691 15754738818397160220023340223219859487043032582359630119851618061857143183789
0 5795219603549392688054784325812590964657420670892973369019201603235304280627 11755422546962455776989723729830044974455226252615375229300244936206699356972
0 19370027738424674254223595621813767650643668175800361326606425477663202553944 1112840698379652392520367491318301337969973098771971817560430433899388685702
0 14812939088895816231867096174025953067265245884537173640769846063571032999308 18415049683140857013548425166241580255900704554754698106825309569039443613946
0 673227630258456575912091850475499530325617181876476242556794730500958439646 8723435473409287458481974003198492844747275172200335225592232326121617697986
0 95370630455376271787063290329621484390642055660923348480444689878106116507 15699435333117455446903567650659875936282100154519951057833862676891856003014
0 19832382107061144250246101911256224433511279760265897143958184988089859540531 12092932331172933737455045961715593946982646514857814032423035020179455802981
0 16970978876049909347833255997259976234642122719403393006234546967159726180407 15273853631798922650788594240652899279295005721017665038882824850423656248705
0 13466754233171084577140389091309477961538517033370423449264524533140961921101 3946026636911595894694927472309408149749639833904022155368252173071322278464
0 9418459281678533535395622000598796790337239286463289875439189325058406042259 19769455328148296432701357002964758810062585028731200123854821403976734736794
0 6777800246401746071280069166179010541531665480053692850939296545923152333792 7601948688220837371102613592303791833790314639477508779731890734191327054456
0 5444149558541002828737152898994796165205775450638595558896991752588000763854 6282704512554059873425087740575630593110721213994918306525036206354333064998
0 21450753054222872003483595781826316791376167260011686466288200691287296189824 18664311068860734178972414090894973782731283398682197000831717345291709026574
0 2790710927421333549190057674879267869090517791183436299420245009724379832260 5438705593281258723107350307103465684976886033977951005836148361380138324377
0 7394016650753575943248473160633960624017564013824746757976342932074330639305 16623043819685772122999804757862340959767458660915978937671751254544072035622
0 1412294613509090354410940852439320679706108684476503135238746364824547778136 11721912705662882567222833262533180545690498755037010571295070021012641680159
0 12836873961845004622709603777509163004912932101240553517105141290477601912193 19469107049872572981040824603438662696609478118135912513580820736660206259225
0 817240025203709616675539943305182780449419767230376299805715838496122830539 5157191258478341719702447124790724516575499776284298121469914982736133985394
0 20884631164883567061114628955830868765492511247480087485600095846325890358339 19241994435607332383075058030247987854215728815426171705182106008642611215267
0 10816341858002988539898286525376858751814948808408160010178671786880154082912 4986215212990178963046974712133310955237153246866349279455325269215829071733
0 17488565982054186039310234364912868698599822048139044128096117325137746681170 17485710994454259271910705958410973138257250169067348691369616666508254971789
0 11921500750244550817023280695336865750812650532255801348300348450193651701 17206478127296389812626994897046485319460786364227048501375400398770679862300
0 4297696655256932134445667413949239117618853720693143507632510595090954222604 55895585557586453419330538177457191750321646295629869135749727452002151468
1
91
31
1
2
6350874878119819312338956282401532410528162663560392320966563075034087161851
1
33
6350874878119819312338956282401532410528162663560392320966563075034087161851
1
63
6350874878119819312338956282401532410528162663560392320966563075034087161851
1
3
6350874878119819312338956282401532410528162663560392320966563075034087161851
1
34
6350874878119819312338956282401532410528162663560392320966563075034087161851
1
64
6350874878119819312338956282401532410528162663560392320966563075034087161851
1
4
6350874878119819312338956282401532410528162663560392320966563075034087161851
1
35
6350874878119819312338956282401532410528162663560392320966563075034087161851
1
65
6350874878119819312338956282401532410528162663560392320966563075034087161851
1
5
6350874878119819312338956282401532410528162663560392320966563075034087161851
1
36
6350874878119819312338956282401532410528162663560392320966563075034087161851
1
66
6350874878119819312338956282401532410528162663560392320966563075034087161851
1
6
6350874878119819312338956282401532410528162663560392320966563075034087161851
1
37
6350874878119819312338956282401532410528162663560392320966563075034087161851
1
67
6350874878119819312338956282401532410528162663560392320966563075034087161851
1
7
6350874878119819312338956282401532410528162663560392320966563075034087161851
1
38
6350874878119819312338956282401532410528162663560392320966563075034087161851
1
68
6350874878119819312338956282401532410528162663560392320966563075034087161851
1
8
6350874878119819312338956282401532410528162663560392320966563075034087161851
1
39
6350874878119819312338956282401532410528162663560392320966563075034087161851
1
69
6350874878119819312338956282401532410528162663560392320966563075034087161851
1
9
6350874878119819312338956282401532410528162663560392320966563075034087161851
1
40
6350874878119819312338956282401532410528162663560392320966563075034087161851
1
70
6350874878119819312338956282401532410528162663560392320966563075034087161851
1
10
6350874878119819312338956282401532410528162663560392320966563075034087161851
1
41
6350874878119819312338956282401532410528162663560392320966563075034087161851
1
71
6350874878119819312338956282401532410528162663560392320966563075034087161851
1
11
6350874878119819312338956282401532410528162663560392320966563075034087161851
1
42
6350874878119819312338956282401532410528162663560392320966563075034087161851
1
72
6350874878119819312338956282401532410528162663560392320966563075034087161851
1
12
6350874878119819312338956282401532410528162663560392320966563075034087161851
1
43
6350874878119819312338956282401532410528162663560392320966563075034087161851
1
73
6350874878119819312338956282401532410528162663560392320966563075034087161851
1
13
6350874878119819312338956282401532410528162663560392320966563075034087161851
1
44
6350874878119819312338956282401532410528162663560392320966563075034087161851
1
74
6350874878119819312338956282401532410528162663560392320966563075034087161851
1
14
6350874878119819312338956282401532410528162663560392320966563075034087161851
1
45
6350874878119819312338956282401532410528162663560392320966563075034087161851
1
75
6350874878119819312338956282401532410528162663560392320966563075034087161851
1
15
6350874878119819312338956282401532410528162663560392320966563075034087161851
1
46
6350874878119819312338956282401532410528162663560392320966563075034087161851
1
76
6350874878119819312338956282401532410528162663560392320966563075034087161851
1
16
6350874878119819312338956282401532410528162663560392320966563075034087161851
1
47
6350874878119819312338956282401532410528162663560392320966563075034087161851
1
77
6350874878119819312338956282401532410528162663560392320966563075034087161851
1
17
6350874878119819312338956282401532410528162663560392320966563075034087161851
1
48
6350874878119819312338956282401532410528162663560392320966563075034087161851
1
78
6350874878119819312338956282401532410528162663560392320966563075034087161851
1
18
6350874878119819312338956282401532410528162663560392320966563075034087161851
1
49
6350874878119819312338956282401532410528162663560392320966563075034087161851
1
79
6350874878119819312338956282401532410528162663560392320966563075034087161851
1
19
6350874878119819312338956282401532410528162663560392320966563075034087161851
1
50
6350874878119819312338956282401532410528162663560392320966563075034087161851
1
80
6350874878119819312338956282401532410528162663560392320966563075034087161851
1
20
6350874878119819312338956282401532410528162663560392320966563075034087161851
1
51
6350874878119819312338956282401532410528162663560392320966563075034087161851
1
81
6350874878119819312338956282401532410528162663560392320966563075034087161851
1
21
6350874878119819312338956282401532410528162663560392320966563075034087161851
1
52
6350874878119819312338956282401532410528162663560392320966563075034087161851
1
82
6350874878119819312338956282401532410528162663560392320966563075034087161851
1
22
6350874878119819312338956282401532410528162663560392320966563075034087161851
1
53
6350874878119819312338956282401532410528162663560392320966563075034087161851
1
83
6350874878119819312338956282401532410528162663560392320966563075034087161851
1
23
6350874878119819312338956282401532410528162663560392320966563075034087161851
1
54
6350874878119819312338956282401532410528162663560392320966563075034087161851
1
84
6350874878119819312338956282401532410528162663560392320966563075034087161851
1
24
6350874878119819312338956282401532410528162663560392320966563075034087161851
1
55
6350874878119819312338956282401532410528162663560392320966563075034087161851
1
85
6350874878119819312338956282401532410528162663560392320966563075034087161851
1
25
6350874878119819312338956282401532410528162663560392320966563075034087161851
1
56
6350874878119819312338956282401532410528162663560392320966563075034087161851
1
86
6350874878119819312338956282401532410528162663560392320966563075034087161851
1
26
6350874878119819312338956282401532410528162663560392320966563075034087161851
1
57
6350874878119819312338956282401532410528162663560392320966563075034087161851
1
87
6350874878119819312338956282401532410528162663560392320966563075034087161851
1
27
6350874878119819312338956282401532410528162663560392320966563075034087161851
1
58
6350874878119819312338956282401532410528162663560392320966563075034087161851
1
88
6350874878119819312338956282401532410528162663560392320966563075034087161851
1
28
6350874878119819312338956282401532410528162663560392320966563075034087161851
1
59
6350874878119819312338956282401532410528162663560392320966563075034087161851
1
89
6350874878119819312338956282401532410528162663560392320966563075034087161851
1
29
6350874878119819312338956282401532410528162663560392320966563075034087161851
1
60
6350874878119819312338956282401532410528162663560392320966563075034087161851
1
90
6350874878119819312338956282401532410528162663560392320966563075034087161851
1
30
6350874878119819312338956282401532410528162663560392320966563075034087161851
1
61
6350874878119819312338956282401532410528162663560392320966563075034087161851
1
91
6350874878119819312338956282401532410528162663560392320966563075034087161851
1
31
6350874878119819312338956282401532410528162663560392320966563075034087161851
1
62
6350874878119819312338956282401532410528162663560392320966563075034087161851
1
92
6350874878119819312338956282401532410528162663560392320966563075034087161851
0
0
33
0
0
32
6350874878119819312338956282401532410528162663560392320966563075034087161851
63
6350874878119819312338956282401532410528162663560392320966563075034087161851
64
6350874878119819312338956282401532410528162663560392320966563075034087161851
65
6350874878119819312338956282401532410528162663560392320966563075034087161851
66
6350874878119819312338956282401532410528162663560392320966563075034087161851
67
6350874878119819312338956282401532410528162663560392320966563075034087161851
68
6350874878119819312338956282401532410528162663560392320966563075034087161851
69
6350874878119819312338956282401532410528162663560392320966563075034087161851
70
6350874878119819312338956282401532410528162663560392320966563075034087161851
71
6350874878119819312338956282401532410528162663560392320966563075034087161851
72
6350874878119819312338956282401532410528162663560392320966563075034087161851
73
6350874878119819312338956282401532410528162663560392320966563075034087161851
74
6350874878119819312338956282401532410528162663560392320966563075034087161851
75
6350874878119819312338956282401532410528162663560392320966563075034087161851
76
6350874878119819312338956282401532410528162663560392320966563075034087161851
77
6350874878119819312338956282401532410528162663560392320966563075034087161851
78
6350874878119819312338956282401532410528162663560392320966563075034087161851
79
6350874878119819312338956282401532410528162663560392320966563075034087161851
80
6350874878119819312338956282401532410528162663560392320966563075034087161851
81
6350874878119819312338956282401532410528162663560392320966563075034087161851
82
6350874878119819312338956282401532410528162663560392320966563075034087161851
83
6350874878119819312338956282401532410528162663560392320966563075034087161851
84
6350874878119819312338956282401532410528162663560392320966563075034087161851
85
6350874878119819312338956282401532410528162663560392320966563075034087161851
86
6350874878119819312338956282401532410528162663560392320966563075034087161851
87
6350874878119819312338956282401532410528162663560392320966563075034087161851
88
6350874878119819312338956282401532410528162663560392320966563075034087161851
89
6350874878119819312338956282401532410528162663560392320966563075034087161851
90
6350874878119819312338956282401532410528162663560392320966563075034087161851
91
6350874878119819312338956282401532410528162663560392320966563075034087161851
92
6350874878119819312338956282401532410528162663560392320966563075034087161851
1
15537367993719455909907449462855742678020201736855642022731641111541721333766
0 19843478285899756691887758229182193269741311372546041420695856590381983286902 21672969530031620300170154719642161513928799166817032510032619402663372192532 962962273036125013083383409764843921308959752860818995798251587288186794245 6086529558944206008263017077774283443100746082026921611842086946628633082608
0 469204664441413878244379008745119116846545383353436086352317352755563814797 8040697605408898452502853848661143874875008787980540129771809485929498989532
0 12460191607535515781230327525372301723777735386559456711947214265188020725192 12898929077267010380888012706365666796569058654497072736135751105381007406707 4914787540529774035790314598220539683376976768332045280998396541767298413647 2919651002413637324230026468973580698748933355361177359073149626982850073636
0 6091635062746144729259550273926562084917824082514971898098866196304903092100 11711272470447538345236054981084534325316440729743675993207293649898177929056 16278695790772495705359854330686972311261809244164815702445557764577261186037 17114207127648167400752564885093975628159500195850294799147024750963685727814
0 7783608332781032262495149317563223377418057149269656318264263953296046927824 10296526744472167773911810047837323193626233741154226308728557571996194033610
0 10752409991242689404076136070037299045822349855526145689858747095952453237631 4410050662265023785722739401015464532751473004295398977603503475834732694609 18488663064480841358808784160987020470522324910052234715705622402353002996805 1809895411984830472167233914752427994509466815922977795459697042503661918987
0 7938344210645119113959312650465817455192375696507282975526721015312309591136 21724121007184389803542937855414067505234816472362078970991785271374470421631 13555795562621036199576438572464987215895843844583134267022030108891677962919 18364055661537618435934456613663681021328609414456539308311318672671919222080
0 5920282408276648818774918684135082844111584282195158856257702977289109116733 15983972836706287620950189641341226957913806905456092214762023378218715859656
1
1
0
1
0 18897927807252038243135606020856725833550735018572223367081029123230825279237 4845000790629439543089941062658745746135291841702711465036097234714227909580


