1
34342
19124913029465287271255030729228939299383651886084614604461747075038303161821
7123568944169622586933071844052362055405192642731426268379853953550033215355
1
170163311820756539758214943425912346014583291398046850300727483830872619445
17160437688895173257051963499683792838108757286362855907900005787346621493764
1
7692220775533677212479280269874790096032971822059035447085322899187981712138 13699518349254782520974222175739865425449762264622252619754268312042217652409
10965606776245239932607826115142533271810552830936065665557910829690707773692 21037272210504642872215195126577490997921590955294038264913035039145472371998
1 0
8349564860467421875307437066927534443120954067202947362634012843097592089308
20137228964452202379983731559121609116713858781944995621098244856322100733841
1
17719080611474244649199430241609982882102105148779347473317487946976744991294
1624088555800288406956099309626338418115582704289784133580962298892675168011
1
2678689695168322145522624351681301151325645607868838742638745720815665652632
17741272569487093837767859277932112851417569290417265550790931736635362861137
1
21306085627304088217301845969664967509431808623135334253226984968123232623617
19109899793302059397618247149778566338542902342406833310543667936986591971567
1
7989975042237423103699338788889956790229434377220972504778258113037946353660
21583598483641378757769937722328011698811000389237663269451074033194886209457
1
